$ANSIBLE_VAULT;1.1;AES256
36386665373063666633383264326562326439396639666564666563623231363964653366303934
6634323662306237643736376230636230336231356463330a663631623138623430356166663865
32333735666533653133373634643363623064653438396362666264623462373865326333343466
3736363961303633620a326439303961363465353530356364376234623338353866346665643066
61663166366535313935663166363665363365623933303864316330666236646137376561343936
63653038623132316264623138656334376139616134396261326335316636663963356164616535
64383232306132646636393436346137393431666538323364666239616663393231386534363838
34346431336564323666306666386465643362303461373764326161366639626639646162653437
33643965326630363632323762373139396165396131383739373039633531613862633462646132
62623735663938623637383434656165656534636561653832343131653135316263636365313965
66303830343832616136393465613537633130313763306430633737376162333232343239346332
39333139386338366533396533376537383331376333643834636366303064623634323030623630
66373932313664623463623763623339646431363136313939613439313631376233643032393737
35383364316336313865316334323534323262333136393135346637616464633731336534383236
62396235643831373030613334653265653036613739356630366666323566373038613264343961
66373837376336396135306662663435656663623039376365636162626362323035626161646364
63663332353832373366323963353333353362616461393737353162346430333539366537666639
33323861366262613533636166373134363565333535643863666261636562396430643931386362
39346134316331326162636233303962373030383438356161313461306136353532633763323032
34343738643862613465616332373037616230303732626163616162373735333837363463383134
38666238636664383435306461383266363530353964306266393437383066373932373865363664
37653835383863396234376136646366616565633661333261316535353637636232373534623563
66656261623565306464376131663438623238313434396262326330646236663062316231373865
66626131646135353962
